
Mon Dec 10 19:16:09 CST 2018
10   7809     38  ******
 9   8531    854  *******
 8  10555    589  ********
 7  11233   2693  **********
 6  14412    640  ***********
 5  21344    818  ***************
 4  21398    771  ***************
 3  29952   1616  *********************
 2  39755   4522  ****************************
 1  50529  13123  *****************************************

Sun Dec  9 20:04:00 CST 2018
10      0      0
 9   6835   1001  ******
 8   9376    544  ********
 7  10431   2566  *********
 6  13752    633  **********
 5  20566    795  ***************
 4  20745    719  ***************
 3  29084   1588  *********************
 2  38844   4390  ****************************
 1  49466  12804  *****************************************